1111000000000000000000001111
1111100000000000000000001111
1111100000000000000000001111
1111100000000000000000001111
1111100000000000000000001111
1111100000000000000000001111
1111100000000000000000001111
1111100000000000000000001111
1111100000000000000000001111
1111100000000000000000001111
1111100000000000000000001111
1111100000000000000000001111
1111100000000000000000001111
1111100000000000000000001111
1111100000000000000000001111
1111100000000000000000001111
1111100000000000000000001111
1111100000000000000000001111
1111100000000000000000001111
1111100000000000000000001111
1111100000000000000000011111
0111110000000000000000111111
0111110000000000000001111111
0111111000000000000111111111
0011111100000000001111101111
0001111111100011111111001111
0000111111111111111100001111
0000001111111111110000001111
