0000000000000011111110000000
0000000000111111111111111000
0000000011111111111111111110
0000001111110000000000011111
0000011111000000000000000011
0000111100000000000000000000
0001111000000000000000000000
0001110000000000000000000000
0011110000000000000000000000
0111100000000000000000000000
0111100000000000000000000000
0111000000000000000000000000
0111000000000000000000000000
0111000000000000111111111111
0111000000000001111111111111
0111000000000000111111111111
0111000000000000000000000111
0111000000000000000000000111
0111100000000000000000000111
0111100000000000000000000111
0011110000000000000000000111
0011110000000000000000000111
0001111000000000000000000111
0000111100000000000000000111
0000011111000000000000000111
0000001111110000000000011111
0000000011111111111111111111
0000000000111111111111111000
