0000000000000000111111110000
0000000000001111111111111100
0000000000111111111000111100
0000000001111110000000000000
0000000001111100000000000000
0000000011111100000000000000
0000000011111000000000000000
0000000011111000000000000000
0000000011111000000000000000
0000000011111000000000000000
0111111111111111111111110000
0111111111111111111111110000
0000000011111000000000000000
0000000011111000000000000000
0000000011111000000000000000
0000000011111000000000000000
0000000011111000000000000000
0000000011111000000000000000
0000000011111000000000000000
0000000011111000000000000000
0000000011111000000000000000
0000000011111000000000000000
0000000011111000000000000000
0000000011111000000000000000
0000000011111000000000000000
0000000011111000000000000000
0000000011111000000000000000
0000000011111000000000000000
