0000000000011111100000000000
0000000111111111111100001111
0000011111111111111111101111
0001111110000000000111111111
0011111000000000000001111111
0011110000000000000000011111
0111110000000000000000001111
0111100000000000000000001111
0111100000000000000000001111
1111100000000000000000001111
1111100000000000000000001111
1111100000000000000000001111
1111100000000000000000001111
0111100000000000000000001111
0111100000000000000000001111
0111110000000000000000011111
0011111000000000000000111111
0011111100000000000011111111
0000111111000000011111101111
0000011111111111111110001111
0000000011111111110000001111
0000000000000000000000001111
0000000000000000000000001111
0000000000000000000000001111
0000000000000000000000001111
0000000000000000000000001111
0000000000000000000000001111
0000000000000000000000001111
