0000000000011110000000000000
0000000000111110000000000000
0000000000111110000000000000
0000000000000000000000000000
0000000000000000000000000000
0000000000000000000000000000
0000000000011110000000000000
0000000000111110000000000000
0000000000111110000000000000
0000000000111110000000000000
0000000000111110000000000000
0000000000111110000000000000
0000000000111110000000000000
0000000000111110000000000000
0000000000111110000000000000
0000000000111110000000000000
0000000000111110000000000000
0000000000111110000000000000
0000000000111110000000000000
0000000000111110000000000000
0000000000111110000000000000
0000000000111110000000000000
0000000000111110000000000000
0000000000111110000000000000
0000000000111110000000000000
0000000000111110000000000000
0000000011111100000000000000
1111111111111000000000000000
