0000000000011111111100000000
0000000111111111111111110000
0000111111111111111111111000
0001111111110000001111111110
0001111100000000000001111110
0001100000000000000000111111
0000000000000000000000011111
0000000000000000000000001111
0000000000000000000000001111
0000000000000000000000001111
0000000000000000000000001111
0000000000000000000000001111
0000000000000111111111111111
0000000011111111111111111111
0000011111111111111111111111
0000111111111110000000011111
0001111111000000000000001111
0011111100000000000000001111
0111111000000000000000001111
0111110000000000000000001111
0111110000000000000000001111
0111110000000000000000001111
0111110000000000000000111111
0111111000000000000001111111
0011111100000000000111111111
0001111111100000111111100111
0000111111111111111110000111
0000001111111111111000000111
