0000000000000011111100000000
0000000000111111111111111000
0000000111111111111111111110
0000001111100000000000011111
0000111110000000000000000111
0001111100000000000000000000
0001111000000000000000000000
0011110000000000000000000000
0111110000000000000000000000
0111100000000000000000000000
0111100000000000000000000000
1111000000000000000000000000
1111000000000000000000000000
1111000000000000000000000000
1111000000000000000000000000
1111000000000000000000000000
1111000000000000000000000000
1111000000000000000000000000
0111100000000000000000000000
0111100000000000000000000000
0111100000000000000000000000
0011110000000000000000000000
0011111000000000000000000000
0001111100000000000000000000
0000111110000000000000000011
0000011111100000000000011111
0000000111111111111111111110
0000000001111111111111111000
