0111111111111111111111111111
1111111111111111111111111111
1111111111111111111111111111
1111100000000000000000000000
1111100000000000000000000000
1111100000000000000000000000
1111100000000000000000000000
1111100000000000000000000000
1111100000000000000000000000
1111100000000000000000000000
1111100000000000000000000000
1111100000000000000000000000
1111111111111111111111111000
1111111111111111111111111000
1111111111111111111111111000
1111100000000000000000000000
1111100000000000000000000000
1111100000000000000000000000
1111100000000000000000000000
1111100000000000000000000000
1111100000000000000000000000
1111100000000000000000000000
1111100000000000000000000000
1111100000000000000000000000
1111100000000000000000000000
1111100000000000000000000000
1111111111111111111111111111
1111111111111111111111111111
