0000000000000011111100000000
0111110000011111111111000000
0111110000111111111111000000
0111110011111110001111000000
0111110111110000000000000000
0111111111100000000000000000
0111111111000000000000000000
0111111110000000000000000000
0111111100000000000000000000
0111111000000000000000000000
0111110000000000000000000000
0111110000000000000000000000
0111110000000000000000000000
0111110000000000000000000000
0111110000000000000000000000
0111110000000000000000000000
0111110000000000000000000000
0111110000000000000000000000
0111110000000000000000000000
0111110000000000000000000000
0111110000000000000000000000
0111110000000000000000000000
0111110000000000000000000000
0111110000000000000000000000
0111110000000000000000000000
0111110000000000000000000000
0111110000000000000000000000
0111110000000000000000000000
