0000000011100000000011110000
0110001111111000000111111100
0110011111111100001111111110
0110111100111100011110011110
0110111000011110111000001111
0111110000001111110000000111
0111100000000111110000000111
0111000000000111100000000111
0110000000000111000000000011
0110000000000111000000000011
0110000000000111000000000011
0110000000000111000000000011
0110000000000111000000000011
0110000000000111000000000011
0110000000000111000000000011
0110000000000111000000000011
0110000000000111000000000011
0110000000000111000000000011
0110000000000111000000000011
0110000000000111000000000011
0110000000000111000000000011
0110000000000111000000000011
0110000000000111000000000011
0110000000000111000000000011
0110000000000111000000000011
0110000000000111000000000011
0110000000000111000000000011
0110000000000111000000000011
