0111111111111100000000000000
1111111111111111111000000000
1111111111111111111110000000
1111000000000000111111100000
1111000000000000000111110000
1111000000000000000001111100
1111000000000000000000111100
1111000000000000000000011110
1111000000000000000000011110
1111000000000000000000001111
1111000000000000000000001111
1111000000000000000000001111
1111000000000000000000000111
1111000000000000000000000111
1111000000000000000000000111
1111000000000000000000000111
1111000000000000000000000111
1111000000000000000000001111
1111000000000000000000001111
1111000000000000000000001111
1111000000000000000000011110
1111000000000000000000011110
1111000000000000000000111100
1111000000000000000001111000
1111000000000000000111110000
1111000000000000011111100000
1111111111111111111110000000
1111111111111111111000000000
