0000000000001111111000000000
0000000111111111111111110000
0000011111111111111111111100
0000111111000000000000111100
0001111100000000000000000000
0011111000000000000000000000
0011111000000000000000000000
0011111000000000000000000000
0011111000000000000000000000
0001111100000000000000000000
0001111110000000000000000000
0000011111110000000000000000
0000001111111110000000000000
0000000001111111111000000000
0000000000001111111111000000
0000000000000001111111110000
0000000000000000000111111100
0000000000000000000001111110
0000000000000000000000011111
0000000000000000000000001111
0000000000000000000000001111
0000000000000000000000001111
0000000000000000000000001111
0000000000000000000000011111
0110000000000000000000111110
0111111000000000000011111100
0111111111111111111111111000
0000111111111111111111000000
