0111111111111111100000000000
1111111111111111111111000000
1111111111111111111111111000
1111100000000000000111111100
1111100000000000000001111110
1111100000000000000000011111
1111100000000000000000001111
1111100000000000000000001111
1111100000000000000000001111
1111100000000000000000001111
1111100000000000000000001111
1111100000000000000000011111
1111100000000000000000111110
1111100000000000000011111100
1111100000000000111111111000
1111111111111111111111100000
1111111111111111111000000000
1111100000000000000000000000
1111100000000000000000000000
1111100000000000000000000000
1111100000000000000000000000
1111100000000000000000000000
1111100000000000000000000000
1111100000000000000000000000
1111100000000000000000000000
1111100000000000000000000000
1111100000000000000000000000
1111100000000000000000000000
