0011111111111111111111111111
0111111111111111111111111111
0111111111111111111111111111
0111110000000000000000000000
0111110000000000000000000000
0111110000000000000000000000
0111110000000000000000000000
0111110000000000000000000000
0111110000000000000000000000
0111110000000000000000000000
0111110000000000000000000000
0111110000000000000000000000
0111110000000000000000000000
0111111111111111111111111110
0111111111111111111111111110
0111111111111111111111111110
0111110000000000000000000000
0111110000000000000000000000
0111110000000000000000000000
0111110000000000000000000000
0111110000000000000000000000
0111110000000000000000000000
0111110000000000000000000000
0111110000000000000000000000
0111110000000000000000000000
0111110000000000000000000000
0111110000000000000000000000
0111110000000000000000000000
