1111000000000000000000001111
1111000000000000000000111110
1111000000000000000001111100
1111000000000000000111111000
1111000000000000001111100000
1111000000000000111111000000
1111000000000001111100000000
1111000000000111111000000000
1111000000001111100000000000
1111000000011111000000000000
1111000001111100000000000000
1111000011111000000000000000
1111001111100000000000000000
1111111111000000000000000000
1111001111100000000000000000
1111000111110000000000000000
1111000011111100000000000000
1111000000111110000000000000
1111000000011111000000000000
1111000000001111110000000000
1111000000000011111000000000
1111000000000001111100000000
1111000000000000111111000000
1111000000000000001111100000
1111000000000000000111110000
1111000000000000000011111100
1111000000000000000000111110
1111000000000000000000011111
