0000000000000111000000000000
0000000000001111100000000000
0000000000001111100000000000
0000000000001111110000000000
0000000000011101110000000000
0000000000011100111000000000
0000000000111000111000000000
0000000000111000011100000000
0000000001110000011100000000
0000000001110000011110000000
0000000011110000001110000000
0000000011100000001110000000
0000000011100000000111000000
0000000111000000000111000000
0000000111000000000011100000
0000001110000000000011100000
0000001110000000000011110000
0000011110000000000001110000
0000011111111111111111111000
0000111111111111111111111000
0000111111111111111111111000
0000111000000000000000011100
0001110000000000000000011100
0001110000000000000000011110
0011110000000000000000001110
0011100000000000000000001111
0111100000000000000000000111
0111000000000000000000000111
