0000000000011111111100000000
0000000111111111111111110000
0000011111111111111111111000
0000111111110000001111111100
0001111110000000000000111000
0011111100000000000000000000
0011111000000000000000000000
0011111000000000000000000000
0011111000000000000000000000
0011111100000000000000000000
0001111110000000000000000000
0000111111100000000000000000
0000011111111110000000000000
0000000111111111110000000000
0000000001111111111110000000
0000000000000111111111110000
0000000000000000011111111000
0000000000000000000111111100
0000000000000000000001111110
0000000000000000000000111110
0000000000000000000000111110
0000000000000000000000111110
0000000000000000000000111110
0110000000000000000001111110
0111110000000000000011111100
0111111111000000111111111000
0111111111111111111111110000
0001111111111111111111000000
