0000000000000000000000000111
0000000000000000000000000111
0000000000000000000000000111
0000000000000000000000000111
0000000000000000000000000111
0000000000000000000000000111
0000000000000000000000000111
0000000000000000000000000111
0000000000000000000000000111
0000000001111111111000000111
0000001111111111111111000111
0000011111100000011111110111
0001111110000000000011111111
0011111000000000000000111111
0011110000000000000000001111
0111110000000000000000000111
0111100000000000000000000111
0111100000000000000000000111
0111100000000000000000000111
0111100000000000000000000111
0111100000000000000000000111
0111100000000000000000000111
0111110000000000000000000111
0011110000000000000000011111
0011111000000000000000111111
0001111110000000000011111111
0000111111111001111111100111
0000001111111111111100000111
