0111111111111111000000000000
1111111111111111111110000000
1111111111111111111111100000
1111000000000000001111110000
1111000000000000000011111000
1111000000000000000001111100
1111000000000000000001111100
1111000000000000000001111100
1111000000000000000001111100
1111000000000000000001111100
1111000000000000000011111000
1111000000000000000111110000
1111000000000001111111000000
1111111111111111111100000000
1111111111111111110000000000
1111000000000111111100000000
1111000000000000111110000000
1111000000000000011111000000
1111000000000000001111100000
1111000000000000000111110000
1111000000000000000011110000
1111000000000000000011111000
1111000000000000000001111100
1111000000000000000000111100
1111000000000000000000111110
1111000000000000000000011110
1111000000000000000000011111
1111000000000000000000001111
