0111000000000000000000000111
0111100000000000000000001111
0111110000000000000000001111
0111110000000000000000011111
0110110000000000000000011011
0110111000000000000000111011
0110011000000000000000110011
0110011100000000000001110011
0110011100000000000001100011
0110001100000000000001100011
0110001110000000000011100011
0110000110000000000011000011
0110000111000000000111000011
0110000111000000000110000011
0110000011000000000110000011
0110000011100000001110000011
0110000011100000001100000011
0110000001110000011100000011
0110000001110000011000000011
0110000000110000011000000011
0110000000111000111000000011
0110000000111000110000000011
0110000000011001110000000011
0110000000011101100000000011
0110000000001111100000000011
0110000000001111100000000011
0110000000001111000000000011
0110000000000111000000000011
