0000000000001111110000000000
0000000011111111111110000000
0000001111111111111111100000
0000011111000000000011111000
0000111100000000000001111100
0001111000000000000000111100
0011110000000000000000011110
0011100000000000000000001110
0011100000000000000000001111
0111100000000000000000000111
0111000000000000000000000111
0111000000000000000000000111
0111000000000000000000000111
0111000000000000000000000111
0111000000000000000000000111
0111000000000000000000000111
0111000000000000000000000111
0111000000000000000000000111
0111000000000000000000000111
0111100000000000000000001111
0111100000000000000000001110
0011100000000000000000001110
0011110000000000000000011110
0001111000000000000000111100
0001111100000000000001111000
0000111110000000000111110000
0000001111111111111111100000
0000000011111111111110000000
