0110000000000010000000000001
0110000000000111000000000011
0110000000000111000000000011
0110000000000111000000000011
0111000000000111000000000011
0011000000001101100000000011
0011000000001101100000000110
0011000000001101100000000110
0011100000001101100000000110
0001100000001101110000000110
0001100000011000110000001100
0001100000011000110000001100
0001100000011000110000001100
0000110000011000110000001100
0000110000010000011000001100
0000110000110000011000011000
0000110000110000011000011000
0000111000110000011000011000
0000011000110000001100011000
0000011000100000001100110000
0000011001100000001100110000
0000011001100000001100110000
0000001101100000001100110000
0000001101100000000110110000
0000001101000000000111100000
0000001111000000000111100000
0000000111000000000111100000
0000000111000000000111100000
