0000000011111000000000000000
0000000011111000000000000000
0000000011111000000000000000
0000000011111000000000000000
0000000011111000000000000000
0000000011111000000000000000
0111111111111111111111111000
0111111111111111111111111000
0011111111111111111111110000
0000000011111000000000000000
0000000011111000000000000000
0000000011111000000000000000
0000000011111000000000000000
0000000011111000000000000000
0000000011111000000000000000
0000000011111000000000000000
0000000011111000000000000000
0000000011111000000000000000
0000000011111000000000000000
0000000011111000000000000000
0000000011111000000000000000
0000000011111000000000000000
0000000011111000000000000000
0000000011111100000000000000
0000000011111100000000000000
0000000001111110000000001000
0000000000111111111111111000
0000000000011111111111111000
