1111000000000000000000000000
1111000000000000000000000000
1111000000000000000000000000
1111000000000000000000000000
1111000000000000000000000000
1111000000000000000000000000
1111000000000000000000000000
1111000000000000000000000000
1111000000000000000000000000
1111000000011111111100000000
1111000011111111111111100000
1111001111110000001111111000
1111111110000000000011111100
1111111000000000000000111110
1111100000000000000000011110
1111000000000000000000011111
1111000000000000000000011111
1111000000000000000000001111
1111000000000000000000001111
1111000000000000000000001111
1111000000000000000000001111
1111000000000000000000011111
1111000000000000000000011110
1111100000000000000000111110
1111111000000000000001111100
1111111110000000000011111000
1111001111111000111111110000
1111000011111111111111000000
