0111100000000000000000000111
0111111000000000000000000111
0111111100000000000000000111
0111111100000000000000000111
0111011110000000000000000111
0111001111000000000000000111
0111000111100000000000000111
0111000111100000000000000111
0111000011110000000000000111
0111000001111000000000000111
0111000000111100000000000111
0111000000011110000000000111
0111000000011110000000000111
0111000000001111000000000111
0111000000000111100000000111
0111000000000011110000000111
0111000000000011110000000111
0111000000000001111000000111
0111000000000000111100000111
0111000000000000011110000111
0111000000000000011110000111
0111000000000000001111000111
0111000000000000000111100111
0111000000000000000011110111
0111000000000000000011111111
0111000000000000000001111111
0111000000000000000000111111
0111000000000000000000011111
