0111111111111111000000000000
0111111111111111111110000000
0111111111111111111111100000
0111100000000000001111110000
0111100000000000000011111000
0111100000000000000001111000
0111100000000000000001111000
0111100000000000000001111000
0111100000000000000001111000
0111100000000000000001111000
0111100000000000000011110000
0111100000000000000111110000
0111100000000000111111000000
0111111111111111111100000000
0111111111111111111111100000
0111100000000000011111111000
0111100000000000000001111110
0111100000000000000000111110
0111100000000000000000011111
0111100000000000000000001111
0111100000000000000000001111
0111100000000000000000001111
0111100000000000000000001111
0111100000000000000000011111
0111100000000000000000111110
0111100000000000000011111100
0111111111111111111111111000
0111111111111111111111000000
