0111000000000000000000000111
0111000000000000000000000111
0111000000000000000000000111
0111000000000000000000000111
0111000000000000000000000111
0111000000000000000000000111
0111000000000000000000000111
0111000000000000000000000111
0111000000000000000000000111
0111000000000000000000000111
0111000000000000000000000111
0111000000000000000000000111
0111000000000000000000000111
0111000000000000000000000111
0111000000000000000000000111
0111000000000000000000000111
0111000000000000000000000111
0111000000000000000000000111
0111000000000000000000000111
0111000000000000000000000111
0111100000000000000000001111
0111100000000000000000001111
0111100000000000000000001110
0011110000000000000000011110
0001111000000000000000111100
0000111110000000000011111000
0000011111111111111111110000
0000000111111111111111000000
