0111100000000000000000000000
0111100000000000000000000000
0111100000000000000000000000
0111100000000000000000000000
0111100000000000000000000000
0111100000000000000000000000
0111100000000000000000000000
0111100000000000000000000000
0111100000000000000000000000
0111100000000000000000000000
0111100000000000000001111110
0111100000000000000111111000
0111100000000000011111100000
0111100000000001111110000000
0111100000001111111000000000
0111100000111111000000000000
0111100011111100000000000000
0111111111110000000000000000
0111111111111000000000000000
0111100011111100000000000000
0111100000111111000000000000
0111100000001111110000000000
0111100000000111111100000000
0111100000000001111110000000
0111100000000000011111100000
0111100000000000001111111000
0111100000000000000011111110
0111100000000000000000111111
