0000000000111110000000000000
0000000111111111111000000000
0000011111100001111100000000
0000111100000000001111000000
0001110000000000000111000000
0011100000000000000011100000
0011100000000000000001110000
0011000000000000000001110000
0111000000000000000001110000
0111000000000000000000110000
0111000000000000000000111000
0111000000000000000000111000
0110000000000000000000111000
0110000000000000000000111000
0111000000000000000000111000
0111000000000000000000110000
0111000000000000000000110000
0111000000000000000001110000
0111000000000000000001110000
0011100000000000000011100000
0011100000000000000011100000
0001110000000000000111000000
0000111100000000001110000000
0000011111000001111111000000
0000001111111111111011110000
0000000001111110000001111100
0000000000000000000000011111
0000000000000000000000000111
