0000000000001111111000000000
0000000011111111111111000000
0000001111111111111111110000
0000011111111000001111111100
0000111111000000000001111100
0001111100000000000000111110
0011111000000000000000011111
0011110000000000000000001111
0011110000000000000000001111
0111100000000000000000001111
0111100000000000000000000111
0111100000000000000000001111
0111111111111111111111111111
1111111111111111111111111111
1111111111111111111111111111
1111100000000000000000000000
0111100000000000000000000000
0111100000000000000000000000
0111100000000000000000000000
0111110000000000000000000000
0111110000000000000000000000
0011110000000000000000000000
0011111000000000000000000000
0001111100000000000000000000
0000111111000000000000001110
0000011111111000000011111111
0000001111111111111111111110
0000000011111111111111111000
