0110000000000110000000000011
0110000000000111000000000011
0111000000000111000000000111
0111000000001111000000000111
0111000000001111000000000111
0111000000001111100000000110
0011000000001111100000000110
0011100000001101100000001110
0011100000001101100000001110
0011100000011101110000001100
0001100000011001110000001100
0001100000011001110000001100
0001110000011000110000011100
0001110000011000110000011100
0000110000111000111000011000
0000110000110000111000011000
0000110000110000111000011000
0000111000110000011000111000
0000111000110000011000110000
0000011001110000011100110000
0000011001110000011100110000
0000011101100000011101110000
0000011101100000001101110000
0000001101100000001101100000
0000001111100000001111100000
0000001111100000001111100000
0000001111000000001111100000
0000001111000000000111000000
