0000000000011111110000000000
0000000011111111111110000000
0000001111111111111111100000
0000011111110000011111110000
0000111110000000000011111000
0001111100000000000001111100
0011111000000000000000111110
0011110000000000000000011110
0111110000000000000000011110
0111100000000000000000001111
0111100000000000000000001111
0111100000000000000000001111
0111000000000000000000001111
0111000000000000000000001111
0111000000000000000000001111
0111000000000000000000001111
0111000000000000000000001111
0111100000000000000000001111
0111100000000000000000001111
0111100000000000000000011111
0111110000000000000000011110
0011110000000000000000011110
0011111000000000000000111100
0001111100000000000001111100
0001111110000000000111111000
0000111111110000011111110000
0000001111111111111111100000
0000000111111111111110000000
