0000000000000011111100000000
0111100000011111111111100000
0111100001111111111111111000
0111100111111100001111111100
0111101111100000000011111110
0111111110000000000000111110
0111111100000000000000111111
0111111000000000000000011111
0111110000000000000000011111
0111100000000000000000001111
0111100000000000000000001111
0111100000000000000000001111
0111100000000000000000001111
0111100000000000000000001111
0111100000000000000000001111
0111100000000000000000001111
0111100000000000000000001111
0111100000000000000000001111
0111100000000000000000001111
0111100000000000000000001111
0111100000000000000000001111
0111100000000000000000001111
0111100000000000000000001111
0111100000000000000000001111
0111100000000000000000001111
0111100000000000000000001111
0111100000000000000000001111
0111100000000000000000001111
