0111000000000000000000000111
0111000000000000000000000111
0111000000000000000000000111
0111000000000000000000000111
0111000000000000000000000111
0111000000000000000000000111
0111000000000000000000000111
0111000000000000000000000111
0111000000000000000000000111
0111000000000000000000000111
0111000000000000000000000111
0111000000000000000000000111
0111000000000000000000000111
0111111111111111111111111111
0111111111111111111111111111
0111000000000000000000000111
0111000000000000000000000111
0111000000000000000000000111
0111000000000000000000000111
0111000000000000000000000111
0111000000000000000000000111
0111000000000000000000000111
0111000000000000000000000111
0111000000000000000000000111
0111000000000000000000000111
0111000000000000000000000111
0111000000000000000000000111
0111000000000000000000000111
