0000000000011111100000000000
0000000111111111111111111111
0000011111111111111111111111
0000111110000000000111100000
0001111100000000000011110000
0001111000000000000001111000
0001111000000000000001111000
0011111000000000000001111000
0001111000000000000001111000
0001111000000000000011111000
0000111100000000000111110000
0000111111000000011111100000
0001111111111111111111000000
0011110011111111111000000000
0011100000000000000000000000
0011100000000000000000000000
0011111000000000000000000000
0001111111111111111110000000
0000011111111111111111111000
0000111100000000011111111110
0011111000000000000000011111
0111100000000000000000001111
0111100000000000000000001111
0111100000000000000000001111
0111100000000000000000011111
0111111000000000000001111110
0011111111111111111111111000
0000011111111111111111100000
