0000000000000111111100000000
0000000001111111111111111000
0000000111111111111111111110
0000011111111100000111111111
0000111111100000000000011111
0001111110000000000000000111
0001111100000000000000000000
0011111000000000000000000000
0011111000000000000000000000
0111110000000000000000000000
0111110000000000000000000000
0111110000000000000000000000
0111100000000000000000000000
0111100000000000000000000000
0111100000000000000000000000
0111100000000000000000000000
0111100000000000000000000000
0111110000000000000000000000
0111110000000000000000000000
0111110000000000000000000000
0111110000000000000000000000
0011111000000000000000000000
0011111100000000000000000011
0001111110000000000000001111
0000111111100000000000111111
0000011111111100000111111111
0000001111111111111111111100
0000000011111111111111110000
